=== Run information ===

Scheme:       weka.classifiers.bayes.NaiveBayes 
Relation:     nialm_data
Instances:    9217
Attributes:   3
              diaSemana
              hora
              Appliance
Test mode:    split 66.0% train, remainder test

=== Classifier model (full training set) ===

Naive Bayes Classifier

                          Class
Attribute                   Fan           Shower           Fridge      SmallFridge            Grill          Toaster  AirConditioning Desktop_Computer            Other        Microwave
                         (0.19)           (0.09)           (0.24)           (0.02)           (0.02)           (0.09)           (0.29)           (0.04)           (0.01)              (0)
=========================================================================================================================================================================================
diaSemana
  Segunda                  160.0            119.0            197.0             22.0              3.0             62.0            137.0             31.0             17.0              2.0
  Terca                    173.0            109.0            264.0             16.0             20.0             48.0            239.0             54.0             16.0              3.0
  Quarta                   196.0            137.0            375.0             18.0             37.0            133.0            293.0            117.0             11.0              4.0
  Quinta                   544.0            147.0            553.0             69.0             29.0            370.0            629.0             90.0             12.0              1.0
  Sexta                    495.0            117.0            435.0              1.0             74.0             85.0            776.0             36.0             10.0              1.0
  Sabado                   139.0            128.0            213.0             21.0             12.0            127.0            532.0             28.0             13.0              1.0
  Domingo                   90.0            100.0            183.0             26.0              1.0             26.0            120.0             29.0             10.0              1.0
  [total]                 1797.0            857.0           2220.0            173.0            176.0            851.0           2726.0            385.0             89.0             13.0

hora
  00                        85.0             37.0             41.0              4.0              1.0              5.0             21.0              9.0              3.0              1.0
  01                        39.0              7.0             37.0              3.0              1.0              1.0              9.0             10.0              2.0              1.0
  02                        33.0              9.0             48.0              5.0              1.0              3.0              2.0              4.0              1.0              1.0
  03                        33.0              4.0             53.0              8.0              1.0              1.0              1.0              7.0              1.0              1.0
  04                        20.0              4.0             50.0              5.0              1.0              1.0              1.0             10.0              1.0              1.0
  05                         5.0              4.0             58.0              7.0              1.0              1.0              2.0              6.0              1.0              1.0
  06                         7.0              1.0             62.0              9.0              1.0              1.0              1.0              5.0              1.0              1.0
  07                         8.0              4.0             65.0              7.0              1.0              1.0              1.0              9.0              1.0              1.0
  08                        13.0             14.0             72.0             10.0              1.0              1.0              2.0              6.0              1.0              1.0
  09                        35.0             80.0             67.0              9.0              1.0              5.0             43.0             10.0              8.0              2.0
  10                        67.0            105.0             77.0              9.0              5.0             31.0            123.0             14.0             29.0              1.0
  11                       163.0             99.0            159.0             13.0              4.0              9.0            111.0             25.0              5.0              1.0
  12                       183.0             43.0            214.0             29.0             39.0             10.0            199.0             34.0              2.0              3.0
  13                       267.0             22.0            257.0             18.0              3.0              5.0            158.0             29.0              2.0              1.0
  14                       218.0             50.0            251.0              7.0              1.0             51.0            213.0             71.0              1.0              1.0
  15                       148.0             46.0            106.0              8.0              1.0             42.0            122.0             38.0              1.0              1.0
  16                        76.0             18.0            113.0              4.0             59.0             71.0            100.0             16.0              2.0              1.0
  17                        30.0             34.0            131.0              4.0             21.0            145.0            364.0             16.0              2.0              1.0
  18                        29.0             20.0             74.0              4.0             38.0            329.0            637.0             13.0              1.0              1.0
  19                        25.0             15.0             67.0              5.0              6.0             85.0            391.0             11.0              2.0              1.0
  20                        37.0             45.0             39.0              6.0              2.0             16.0             47.0             11.0              4.0              2.0
  21                        79.0             65.0             61.0              5.0              1.0              8.0             54.0             11.0             11.0              2.0
  22                       126.0             88.0             69.0              6.0              1.0             36.0            102.0             21.0             16.0              1.0
  23                        88.0             60.0             66.0              5.0              2.0             10.0             39.0             16.0              8.0              2.0
  [total]                 1814.0            874.0           2237.0            190.0            193.0            868.0           2743.0            402.0            106.0             30.0



Time taken to build model: 0.01 seconds

=== Evaluation on test split ===

Time taken to test model on training split: 0.03 seconds

=== Summary ===

Correctly Classified Instances        1261               40.2361 %
Incorrectly Classified Instances      1873               59.7639 %
Kappa statistic                          0.2275
Mean absolute error                      0.1416
Root mean squared error                  0.2669
Relative absolute error                 88.5099 %
Root relative squared error             94.0633 %
Coverage of cases (0.95 level)          96.171  %
Mean rel. region size (0.95 level)      54.7575 %
Total Number of Instances             3134     

=== Detailed Accuracy By Class ===

                 TP Rate  FP Rate  Precision  Recall   F-Measure  MCC      ROC Area  PRC Area  Class
                 0,401    0,153    0,380      0,401    0,390      0,244    0,748     0,377     Fan
                 0,229    0,087    0,225      0,229    0,227      0,141    0,755     0,207     Shower
                 0,447    0,215    0,384      0,447    0,413      0,220    0,702     0,415     Fridge
                 0,000    0,000    0,000      0,000    0,000      0,000    0,734     0,045     SmallFridge
                 0,000    0,000    0,000      0,000    0,000      0,000    0,905     0,168     Grill
                 0,194    0,031    0,392      0,194    0,259      0,226    0,825     0,314     Toaster
                 0,626    0,286    0,475      0,626    0,540      0,318    0,747     0,569     AirConditioning
                 0,000    0,000    0,000      0,000    0,000      0,000    0,651     0,116     Desktop_Computer
                 0,000    0,000    0,000      0,000    0,000      0,000    0,823     0,036     Other
                 0,000    0,000    0,000      0,000    0,000      0,000    0,808     0,003     Microwave
Weighted Avg.    0,402    0,173    0,357      0,402    0,373      0,225    0,744     0,393     

=== Confusion Matrix ===

   a   b   c   d   e   f   g   h   i   j   <-- classified as
 238  67 154   0   0   5 129   0   0   0 |   a = Fan
  77  71  77   0   0   0  85   0   0   0 |   b = Shower
 162  68 323   0   0   8 162   0   0   0 |   c = Fridge
   8  11  29   0   0   1  10   0   0   0 |   d = SmallFridge
   2   0  37   0   0   0  30   0   0   0 |   e = Grill
  21  10  17   0   0  56 185   0   0   0 |   f = Toaster
  78  67 124   0   0  73 573   0   0   0 |   g = AirConditioning
  35   8  77   0   0   0  23   0   0   0 |   h = Desktop_Computer
   5  12   4   0   0   0  10   0   0   0 |   i = Other
   0   2   0   0   0   0   0   0   0   0 |   j = Microwave


