-------------------------
Resultados para o porjeto
-------------------------

População: 100
Gerações: 1000

Brazil58
custo: 80021
tempo: 3559ms
rota: 40 54 13 36 38 17 0 1 28 11 22 35 18 27 5 4 14 31 39 46 57 23 24 7 51 2 44 45 56 29 42 50 48 8 47 26 20 16 53 9 21 34 32 55 33 37 15 41 6 30 25 10 3 19 49 12 52 43  

eil101
custo: 2739
tempo: 4266ms
rota: 32 6 17 72 86 97 45 94 16 44 99 65 69 88 41 13 43 46 9 37 14 90 36 70 34 73 84 35 22 24 78 29 81 74 50 95 42 26 53 77 28 67 75 68 4 93 20 47 89 30 3 38 76 40 57 61 7 92 33 80 8 19 64 98 18 48 83 58 60 100 52 66 23 79 1 63 25 11 10 82 59 12 49 0 15 31 62 21 71 27 87 96 85 51 56 91 2 5 55 39 54 

gil262
custo: 23287
tempo: 5703ms
rota: 139 237 131 137 121 113 91 93 254 183 76 173 61 226 48 206 64 92 143 125 140 79 235 153 136 195 118 119 150 52 105 229 135 176 174 72 73 0 38 55 74 261 13 180 222 44 218 40 85 65 126 102 63 227 30 155 210 259 36 223 1 127 99 246 154 148 81 46 248 258 213 167 100 177 203 224 171 240 68 257 42 233 189 15 247 71 45 103 77 31 157 117 163 165 161 5 104 228 6 133 205 221 58 2 54 29 8 192 18 197 66 116 132 97 245 122 182 220 260 212 214 199 32 162 57 144 134 80 138 94 166 249 141 172 230 33 168 106 208 35 96 225 170 3 62 47 50 89 20 149 53 56 16 198 250 86 129 12 130 202 14 112 255 169 209 234 175 114 34 238 181 146 145 111 252 128 87 142 179 186 43 107 160 185 24 51 147 156 70 37 236 243 253 194 11 231 115 204 60 123 98 151 184 159 187 90 215 110 17 23 9 124 232 241 28 251 101 217 207 10 7 200 84 4 216 83 244 25 19 108 239 152 49 88 193 196 219 188 256 78 59 190 95 26 178 191 120 201 27 242 69 21 164 75 211 109 41 67 22 158 39 82





